#    t               T              x              dx/dt         
 6.0000e+02   6.0000e+02     0.0000e+00     5.0284e-07
 6.0100e+02   6.0100e+02     5.1738e-07     5.3217e-07
 6.0200e+02   6.0200e+02     1.0649e-06     5.6311e-07
 6.0300e+02   6.0300e+02     1.6442e-06     5.9574e-07
 6.0400e+02   6.0400e+02     2.2569e-06     6.3014e-07
 6.0500e+02   6.0500e+02     2.9051e-06     6.6640e-07
 6.0600e+02   6.0600e+02     3.5904e-06     7.0461e-07
 6.0700e+02   6.0700e+02     4.3150e-06     7.4488e-07
 6.0800e+02   6.0800e+02     5.0809e-06     7.8731e-07
 6.0900e+02   6.0900e+02     5.8903e-06     8.3201e-07
 6.1000e+02   6.1000e+02     6.7457e-06     8.7908e-07
 6.1100e+02   6.1100e+02     7.6493e-06     9.2865e-07
 6.1200e+02   6.1200e+02     8.6039e-06     9.8083e-07
 6.1300e+02   6.1300e+02     9.6119e-06     1.0358e-06
 6.1400e+02   6.1400e+02     1.0676e-05     1.0936e-06
 6.1500e+02   6.1500e+02     1.1800e-05     1.1544e-06
 6.1600e+02   6.1600e+02     1.2986e-05     1.2184e-06
 6.1700e+02   6.1700e+02     1.4238e-05     1.2858e-06
 6.1800e+02   6.1800e+02     1.5559e-05     1.3566e-06
 6.1900e+02   6.1900e+02     1.6953e-05     1.4311e-06
 6.2000e+02   6.2000e+02     1.8422e-05     1.5094e-06
 6.2100e+02   6.2100e+02     1.9973e-05     1.5917e-06
 6.2200e+02   6.2200e+02     2.1607e-05     1.6782e-06
 6.2300e+02   6.2300e+02     2.3330e-05     1.7691e-06
 6.2400e+02   6.2400e+02     2.5147e-05     1.8647e-06
 6.2500e+02   6.2500e+02     2.7061e-05     1.9650e-06
 6.2600e+02   6.2600e+02     2.9079e-05     2.0704e-06
 6.2700e+02   6.2700e+02     3.1204e-05     2.1811e-06
 6.2800e+02   6.2800e+02     3.3443e-05     2.2974e-06
 6.2900e+02   6.2900e+02     3.5801e-05     2.4194e-06
 6.3000e+02   6.3000e+02     3.8284e-05     2.5475e-06
 6.3100e+02   6.3100e+02     4.0898e-05     2.6819e-06
 6.3200e+02   6.3200e+02     4.3650e-05     2.8230e-06
 6.3300e+02   6.3300e+02     4.6546e-05     2.9710e-06
 6.3400e+02   6.3400e+02     4.9594e-05     3.1263e-06
 6.3500e+02   6.3500e+02     5.2801e-05     3.2891e-06
 6.3600e+02   6.3600e+02     5.6175e-05     3.4599e-06
 6.3700e+02   6.3700e+02     5.9724e-05     3.6390e-06
 6.3800e+02   6.3800e+02     6.3456e-05     3.8267e-06
 6.3900e+02   6.3900e+02     6.7380e-05     4.0235e-06
 6.4000e+02   6.4000e+02     7.1506e-05     4.2298e-06
 6.4100e+02   6.4100e+02     7.5843e-05     4.4459e-06
 6.4200e+02   6.4200e+02     8.0401e-05     4.6723e-06
 6.4300e+02   6.4300e+02     8.5191e-05     4.9095e-06
 6.4400e+02   6.4400e+02     9.0224e-05     5.1580e-06
 6.4500e+02   6.4500e+02     9.5511e-05     5.4182e-06
 6.4600e+02   6.4600e+02     1.0106e-04     5.6907e-06
 6.4700e+02   6.4700e+02     1.0690e-04     5.9759e-06
 6.4800e+02   6.4800e+02     1.1302e-04     6.2745e-06
 6.4900e+02   6.4900e+02     1.1945e-04     6.5871e-06
 6.5000e+02   6.5000e+02     1.2620e-04     6.9141e-06
 6.5100e+02   6.5100e+02     1.3328e-04     7.2564e-06
 6.5200e+02   6.5200e+02     1.4072e-04     7.6144e-06
 6.5300e+02   6.5300e+02     1.4852e-04     7.9889e-06
 6.5400e+02   6.5400e+02     1.5670e-04     8.3806e-06
 6.5500e+02   6.5500e+02     1.6529e-04     8.7903e-06
 6.5600e+02   6.5600e+02     1.7429e-04     9.2186e-06
 6.5700e+02   6.5700e+02     1.8373e-04     9.6663e-06
 6.5800e+02   6.5800e+02     1.9363e-04     1.0134e-05
 6.5900e+02   6.5900e+02     2.0400e-04     1.0624e-05
 6.6000e+02   6.6000e+02     2.1488e-04     1.1135e-05
 6.6100e+02   6.6100e+02     2.2628e-04     1.1669e-05
 6.6200e+02   6.6200e+02     2.3823e-04     1.2227e-05
 6.6300e+02   6.6300e+02     2.5074e-04     1.2810e-05
 6.6400e+02   6.6400e+02     2.6386e-04     1.3419e-05
 6.6500e+02   6.6500e+02     2.7759e-04     1.4054e-05
 6.6600e+02   6.6600e+02     2.9197e-04     1.4718e-05
 6.6700e+02   6.6700e+02     3.0704e-04     1.5411e-05
 6.6800e+02   6.6800e+02     3.2281e-04     1.6135e-05
 6.6900e+02   6.6900e+02     3.3932e-04     1.6890e-05
 6.7000e+02   6.7000e+02     3.5660e-04     1.7678e-05
 6.7100e+02   6.7100e+02     3.7468e-04     1.8500e-05
 6.7200e+02   6.7200e+02     3.9361e-04     1.9358e-05
 6.7300e+02   6.7300e+02     4.1341e-04     2.0253e-05
 6.7400e+02   6.7400e+02     4.3413e-04     2.1186e-05
 6.7500e+02   6.7500e+02     4.5580e-04     2.2159e-05
 6.7600e+02   6.7600e+02     4.7846e-04     2.3174e-05
 6.7700e+02   6.7700e+02     5.0216e-04     2.4233e-05
 6.7800e+02   6.7800e+02     5.2694e-04     2.5336e-05
 6.7900e+02   6.7900e+02     5.5285e-04     2.6486e-05
 6.8000e+02   6.8000e+02     5.7993e-04     2.7685e-05
 6.8100e+02   6.8100e+02     6.0823e-04     2.8934e-05
 6.8200e+02   6.8200e+02     6.3781e-04     3.0235e-05
 6.8300e+02   6.8300e+02     6.6872e-04     3.1591e-05
 6.8400e+02   6.8400e+02     7.0101e-04     3.3003e-05
 6.8500e+02   6.8500e+02     7.3475e-04     3.4474e-05
 6.8600e+02   6.8600e+02     7.6998e-04     3.6006e-05
 6.8700e+02   6.8700e+02     8.0678e-04     3.7601e-05
 6.8800e+02   6.8800e+02     8.4521e-04     3.9262e-05
 6.8900e+02   6.8900e+02     8.8533e-04     4.0992e-05
 6.9000e+02   6.9000e+02     9.2721e-04     4.2791e-05
 6.9100e+02   6.9100e+02     9.7094e-04     4.4665e-05
 6.9200e+02   6.9200e+02     1.0166e-03     4.6614e-05
 6.9300e+02   6.9300e+02     1.0642e-03     4.8643e-05
 6.9400e+02   6.9400e+02     1.1139e-03     5.0753e-05
 6.9500e+02   6.9500e+02     1.1657e-03     5.2948e-05
 6.9600e+02   6.9600e+02     1.2198e-03     5.5232e-05
 6.9700e+02   6.9700e+02     1.2762e-03     5.7607e-05
 6.9800e+02   6.9800e+02     1.3351e-03     6.0076e-05
 6.9900e+02   6.9900e+02     1.3964e-03     6.2644e-05
 7.0000e+02   7.0000e+02     1.4604e-03     6.5314e-05
 7.0100e+02   7.0100e+02     1.5271e-03     6.8089e-05
 7.0200e+02   7.0200e+02     1.5966e-03     7.0973e-05
 7.0300e+02   7.0300e+02     1.6690e-03     7.3971e-05
 7.0400e+02   7.0400e+02     1.7446e-03     7.7086e-05
 7.0500e+02   7.0500e+02     1.8233e-03     8.0323e-05
 7.0600e+02   7.0600e+02     1.9053e-03     8.3685e-05
 7.0700e+02   7.0700e+02     1.9907e-03     8.7178e-05
 7.0800e+02   7.0800e+02     2.0797e-03     9.0806e-05
 7.0900e+02   7.0900e+02     2.1723e-03     9.4574e-05
 7.1000e+02   7.1000e+02     2.2689e-03     9.8487e-05
 7.1100e+02   7.1100e+02     2.3694e-03     1.0255e-04
 7.1200e+02   7.1200e+02     2.4740e-03     1.0677e-04
 7.1300e+02   7.1300e+02     2.5829e-03     1.1114e-04
 7.1400e+02   7.1400e+02     2.6963e-03     1.1569e-04
 7.1500e+02   7.1500e+02     2.8144e-03     1.2040e-04
 7.1600e+02   7.1600e+02     2.9372e-03     1.2530e-04
 7.1700e+02   7.1700e+02     3.0650e-03     1.3037e-04
 7.1800e+02   7.1800e+02     3.1980e-03     1.3564e-04
 7.1900e+02   7.1900e+02     3.3364e-03     1.4111e-04
 7.2000e+02   7.2000e+02     3.4803e-03     1.4677e-04
 7.2100e+02   7.2100e+02     3.6300e-03     1.5265e-04
 7.2200e+02   7.2200e+02     3.7857e-03     1.5875e-04
 7.2300e+02   7.2300e+02     3.9476e-03     1.6507e-04
 7.2400e+02   7.2400e+02     4.1159e-03     1.7162e-04
 7.2500e+02   7.2500e+02     4.2909e-03     1.7841e-04
 7.2600e+02   7.2600e+02     4.4728e-03     1.8545e-04
 7.2700e+02   7.2700e+02     4.6619e-03     1.9274e-04
 7.2800e+02   7.2800e+02     4.8584e-03     2.0030e-04
 7.2900e+02   7.2900e+02     5.0626e-03     2.0813e-04
 7.3000e+02   7.3000e+02     5.2747e-03     2.1625e-04
 7.3100e+02   7.3100e+02     5.4952e-03     2.2466e-04
 7.3200e+02   7.3200e+02     5.7241e-03     2.3336e-04
 7.3300e+02   7.3300e+02     5.9620e-03     2.4238e-04
 7.3400e+02   7.3400e+02     6.2090e-03     2.5172e-04
 7.3500e+02   7.3500e+02     6.4655e-03     2.6139e-04
 7.3600e+02   7.3600e+02     6.7319e-03     2.7140e-04
 7.3700e+02   7.3700e+02     7.0084e-03     2.8176e-04
 7.3800e+02   7.3800e+02     7.2955e-03     2.9248e-04
 7.3900e+02   7.3900e+02     7.5935e-03     3.0358e-04
 7.4000e+02   7.4000e+02     7.9028e-03     3.1507e-04
 7.4100e+02   7.4100e+02     8.2238e-03     3.2695e-04
 7.4200e+02   7.4200e+02     8.5569e-03     3.3925e-04
 7.4300e+02   7.4300e+02     8.9024e-03     3.5197e-04
 7.4400e+02   7.4400e+02     9.2609e-03     3.6512e-04
 7.4500e+02   7.4500e+02     9.6328e-03     3.7873e-04
 7.4600e+02   7.4600e+02     1.0019e-02     3.9280e-04
 7.4700e+02   7.4700e+02     1.0419e-02     4.0734e-04
 7.4800e+02   7.4800e+02     1.0833e-02     4.2238e-04
 7.4900e+02   7.4900e+02     1.1264e-02     4.3793e-04
 7.5000e+02   7.5000e+02     1.1709e-02     4.5400e-04
 7.5100e+02   7.5100e+02     1.2172e-02     4.7060e-04
 7.5200e+02   7.5200e+02     1.2651e-02     4.8776e-04
 7.5300e+02   7.5300e+02     1.3147e-02     5.0549e-04
 7.5400e+02   7.5400e+02     1.3662e-02     5.2381e-04
 7.5500e+02   7.5500e+02     1.4195e-02     5.4273e-04
 7.5600e+02   7.5600e+02     1.4748e-02     5.6227e-04
 7.5700e+02   7.5700e+02     1.5320e-02     5.8245e-04
 7.5800e+02   7.5800e+02     1.5913e-02     6.0328e-04
 7.5900e+02   7.5900e+02     1.6527e-02     6.2479e-04
 7.6000e+02   7.6000e+02     1.7163e-02     6.4700e-04
 7.6100e+02   7.6100e+02     1.7821e-02     6.6992e-04
 7.6200e+02   7.6200e+02     1.8503e-02     6.9358e-04
 7.6300e+02   7.6300e+02     1.9208e-02     7.1799e-04
 7.6400e+02   7.6400e+02     1.9939e-02     7.4317e-04
 7.6500e+02   7.6500e+02     2.0695e-02     7.6915e-04
 7.6600e+02   7.6600e+02     2.1477e-02     7.9595e-04
 7.6700e+02   7.6700e+02     2.2287e-02     8.2359e-04
 7.6800e+02   7.6800e+02     2.3125e-02     8.5210e-04
 7.6900e+02   7.6900e+02     2.3992e-02     8.8148e-04
 7.7000e+02   7.7000e+02     2.4888e-02     9.1178e-04
 7.7100e+02   7.7100e+02     2.5816e-02     9.4301e-04
 7.7200e+02   7.7200e+02     2.6775e-02     9.7520e-04
 7.7300e+02   7.7300e+02     2.7766e-02     1.0084e-03
 7.7400e+02   7.7400e+02     2.8792e-02     1.0425e-03
 7.7500e+02   7.7500e+02     2.9852e-02     1.0777e-03
 7.7600e+02   7.7600e+02     3.0947e-02     1.1140e-03
 7.7700e+02   7.7700e+02     3.2080e-02     1.1513e-03
 7.7800e+02   7.7800e+02     3.3251e-02     1.1898e-03
 7.7900e+02   7.7900e+02     3.4460e-02     1.2294e-03
 7.8000e+02   7.8000e+02     3.5710e-02     1.2701e-03
 7.8100e+02   7.8100e+02     3.7001e-02     1.3121e-03
 7.8200e+02   7.8200e+02     3.8334e-02     1.3552e-03
 7.8300e+02   7.8300e+02     3.9712e-02     1.3997e-03
 7.8400e+02   7.8400e+02     4.1134e-02     1.4453e-03
 7.8500e+02   7.8500e+02     4.2603e-02     1.4923e-03
 7.8600e+02   7.8600e+02     4.4119e-02     1.5407e-03
 7.8700e+02   7.8700e+02     4.5684e-02     1.5903e-03
 7.8800e+02   7.8800e+02     4.7300e-02     1.6414e-03
 7.8900e+02   7.8900e+02     4.8968e-02     1.6939e-03
 7.9000e+02   7.9000e+02     5.0689e-02     1.7479e-03
 7.9100e+02   7.9100e+02     5.2464e-02     1.8033e-03
 7.9200e+02   7.9200e+02     5.4296e-02     1.8602e-03
 7.9300e+02   7.9300e+02     5.6185e-02     1.9187e-03
 7.9400e+02   7.9400e+02     5.8134e-02     1.9788e-03
 7.9500e+02   7.9500e+02     6.0143e-02     2.0404e-03
 7.9600e+02   7.9600e+02     6.2215e-02     2.1037e-03
 7.9700e+02   7.9700e+02     6.4351e-02     2.1686e-03
 7.9800e+02   7.9800e+02     6.6553e-02     2.2353e-03
 7.9900e+02   7.9900e+02     6.8822e-02     2.3036e-03
 8.0000e+02   8.0000e+02     7.1161e-02     2.3737e-03
 8.0100e+02   8.0100e+02     7.3570e-02     2.4456e-03
 8.0200e+02   8.0200e+02     7.6052e-02     2.5192e-03
 8.0300e+02   8.0300e+02     7.8609e-02     2.5947e-03
 8.0400e+02   8.0400e+02     8.1242e-02     2.6721e-03
 8.0500e+02   8.0500e+02     8.3954e-02     2.7513e-03
 8.0600e+02   8.0600e+02     8.6746e-02     2.8325e-03
 8.0700e+02   8.0700e+02     8.9620e-02     2.9156e-03
 8.0800e+02   8.0800e+02     9.2578e-02     3.0006e-03
 8.0900e+02   8.0900e+02     9.5621e-02     3.0876e-03
 8.1000e+02   8.1000e+02     9.8753e-02     3.1767e-03
 8.1100e+02   8.1100e+02     1.0198e-01     3.2677e-03
 8.1200e+02   8.1200e+02     1.0529e-01     3.3608e-03
 8.1300e+02   8.1300e+02     1.0870e-01     3.4559e-03
 8.1400e+02   8.1400e+02     1.1220e-01     3.5532e-03
 8.1500e+02   8.1500e+02     1.1580e-01     3.6525e-03
 8.1600e+02   8.1600e+02     1.1951e-01     3.7539e-03
 8.1700e+02   8.1700e+02     1.2331e-01     3.8574e-03
 8.1800e+02   8.1800e+02     1.2722e-01     3.9630e-03
 8.1900e+02   8.1900e+02     1.3124e-01     4.0708e-03
 8.2000e+02   8.2000e+02     1.3537e-01     4.1807e-03
 8.2100e+02   8.2100e+02     1.3960e-01     4.2927e-03
 8.2200e+02   8.2200e+02     1.4395e-01     4.4068e-03
 8.2300e+02   8.2300e+02     1.4842e-01     4.5231e-03
 8.2400e+02   8.2400e+02     1.5300e-01     4.6414e-03
 8.2500e+02   8.2500e+02     1.5770e-01     4.7619e-03
 8.2600e+02   8.2600e+02     1.6252e-01     4.8844e-03
 8.2700e+02   8.2700e+02     1.6747e-01     5.0090e-03
 8.2800e+02   8.2800e+02     1.7254e-01     5.1357e-03
 8.2900e+02   8.2900e+02     1.7774e-01     5.2643e-03
 8.3000e+02   8.3000e+02     1.8307e-01     5.3949e-03
 8.3100e+02   8.3100e+02     1.8853e-01     5.5275e-03
 8.3200e+02   8.3200e+02     1.9413e-01     5.6620e-03
 8.3300e+02   8.3300e+02     1.9986e-01     5.7983e-03
 8.3400e+02   8.3400e+02     2.0572e-01     5.9364e-03
 8.3500e+02   8.3500e+02     2.1173e-01     6.0763e-03
 8.3600e+02   8.3600e+02     2.1788e-01     6.2178e-03
 8.3700e+02   8.3700e+02     2.2417e-01     6.3609e-03
 8.3800e+02   8.3800e+02     2.3060e-01     6.5056e-03
 8.3900e+02   8.3900e+02     2.3718e-01     6.6517e-03
 8.4000e+02   8.4000e+02     2.4390e-01     6.7992e-03
 8.4100e+02   8.4100e+02     2.5078e-01     6.9479e-03
 8.4200e+02   8.4200e+02     2.5780e-01     7.0977e-03
 8.4300e+02   8.4300e+02     2.6497e-01     7.2486e-03
 8.4400e+02   8.4400e+02     2.7230e-01     7.4004e-03
 8.4500e+02   8.4500e+02     2.7977e-01     7.5529e-03
 8.4600e+02   8.4600e+02     2.8740e-01     7.7061e-03
 8.4700e+02   8.4700e+02     2.9519e-01     7.8598e-03
 8.4800e+02   8.4800e+02     3.0312e-01     8.0138e-03
 8.4900e+02   8.4900e+02     3.1121e-01     8.1680e-03
 8.5000e+02   8.5000e+02     3.1946e-01     8.3221e-03
 8.5100e+02   8.5100e+02     3.2786e-01     8.4761e-03
 8.5200e+02   8.5200e+02     3.3641e-01     8.6296e-03
 8.5300e+02   8.5300e+02     3.4512e-01     8.7826e-03
 8.5400e+02   8.5400e+02     3.5398e-01     8.9347e-03
 8.5500e+02   8.5500e+02     3.6299e-01     9.0857e-03
 8.5600e+02   8.5600e+02     3.7215e-01     9.2354e-03
 8.5700e+02   8.5700e+02     3.8146e-01     9.3836e-03
 8.5800e+02   8.5800e+02     3.9091e-01     9.5300e-03
 8.5900e+02   8.5900e+02     4.0052e-01     9.6743e-03
 8.6000e+02   8.6000e+02     4.1026e-01     9.8162e-03
 8.6100e+02   8.6100e+02     4.2015e-01     9.9555e-03
 8.6200e+02   8.6200e+02     4.3017e-01     1.0092e-02
 8.6300e+02   8.6300e+02     4.4033e-01     1.0225e-02
 8.6400e+02   8.6400e+02     4.5062e-01     1.0354e-02
 8.6500e+02   8.6500e+02     4.6104e-01     1.0480e-02
 8.6600e+02   8.6600e+02     4.7158e-01     1.0601e-02
 8.6700e+02   8.6700e+02     4.8224e-01     1.0717e-02
 8.6800e+02   8.6800e+02     4.9301e-01     1.0829e-02
 8.6900e+02   8.6900e+02     5.0389e-01     1.0935e-02
 8.7000e+02   8.7000e+02     5.1488e-01     1.1035e-02
 8.7100e+02   8.7100e+02     5.2596e-01     1.1129e-02
 8.7200e+02   8.7200e+02     5.3713e-01     1.1217e-02
 8.7300e+02   8.7300e+02     5.4839e-01     1.1297e-02
 8.7400e+02   8.7400e+02     5.5973e-01     1.1370e-02
 8.7500e+02   8.7500e+02     5.7113e-01     1.1436e-02
 8.7600e+02   8.7600e+02     5.8259e-01     1.1493e-02
 8.7700e+02   8.7700e+02     5.9411e-01     1.1542e-02
 8.7800e+02   8.7800e+02     6.0567e-01     1.1582e-02
 8.7900e+02   8.7900e+02     6.1727e-01     1.1612e-02
 8.8000e+02   8.8000e+02     6.2890e-01     1.1632e-02
 8.8100e+02   8.8100e+02     6.4053e-01     1.1642e-02
 8.8200e+02   8.8200e+02     6.5218e-01     1.1642e-02
 8.8300e+02   8.8300e+02     6.6381e-01     1.1631e-02
 8.8400e+02   8.8400e+02     6.7543e-01     1.1608e-02
 8.8500e+02   8.8500e+02     6.8703e-01     1.1574e-02
 8.8600e+02   8.8600e+02     6.9858e-01     1.1528e-02
 8.8700e+02   8.8700e+02     7.1008e-01     1.1469e-02
 8.8800e+02   8.8800e+02     7.2151e-01     1.1398e-02
 8.8900e+02   8.8900e+02     7.3287e-01     1.1313e-02
 8.9000e+02   8.9000e+02     7.4413e-01     1.1216e-02
 8.9100e+02   8.9100e+02     7.5530e-01     1.1106e-02
 8.9200e+02   8.9200e+02     7.6634e-01     1.0982e-02
 8.9300e+02   8.9300e+02     7.7726e-01     1.0844e-02
 8.9400e+02   8.9400e+02     7.8803e-01     1.0693e-02
 8.9500e+02   8.9500e+02     7.9864e-01     1.0528e-02
 8.9600e+02   8.9600e+02     8.0908e-01     1.0350e-02
 8.9700e+02   8.9700e+02     8.1933e-01     1.0158e-02
 8.9800e+02   8.9800e+02     8.2939e-01     9.9523e-03
 8.9900e+02   8.9900e+02     8.3923e-01     9.7336e-03
 9.0000e+02   9.0000e+02     8.4885e-01     9.5019e-03
 9.0100e+02   9.0100e+02     8.5823e-01     9.2576e-03
 9.0200e+02   9.0200e+02     8.6736e-01     9.0011e-03
 9.0300e+02   9.0300e+02     8.7623e-01     8.7329e-03
 9.0400e+02   9.0400e+02     8.8482e-01     8.4534e-03
 9.0500e+02   9.0500e+02     8.9313e-01     8.1633e-03
 9.0600e+02   9.0600e+02     9.0115e-01     7.8635e-03
 9.0700e+02   9.0700e+02     9.0886e-01     7.5545e-03
 9.0800e+02   9.0800e+02     9.1625e-01     7.2374e-03
 9.0900e+02   9.0900e+02     9.2333e-01     6.9131e-03
 9.1000e+02   9.1000e+02     9.3008e-01     6.5825e-03
 9.1100e+02   9.1100e+02     9.3649e-01     6.2470e-03
 9.1200e+02   9.1200e+02     9.4257e-01     5.9076e-03
 9.1300e+02   9.1300e+02     9.4831e-01     5.5655e-03
 9.1400e+02   9.1400e+02     9.5370e-01     5.2223e-03
 9.1500e+02   9.1500e+02     9.5875e-01     4.8792e-03
 9.1600e+02   9.1600e+02     9.6346e-01     4.5376e-03
 9.1700e+02   9.1700e+02     9.6783e-01     4.1992e-03
 9.1800e+02   9.1800e+02     9.7186e-01     3.8654e-03
 9.1900e+02   9.1900e+02     9.7556e-01     3.5377e-03
 9.2000e+02   9.2000e+02     9.7894e-01     3.2178e-03
 9.2100e+02   9.2100e+02     9.8200e-01     2.9071e-03
 9.2200e+02   9.2200e+02     9.8476e-01     2.6072e-03
 9.2300e+02   9.2300e+02     9.8722e-01     2.3196e-03
 9.2400e+02   9.2400e+02     9.8940e-01     2.0455e-03
 9.2500e+02   9.2500e+02     9.9131e-01     1.7864e-03
 9.2600e+02   9.2600e+02     9.9298e-01     1.5434e-03
 9.2700e+02   9.2700e+02     9.9441e-01     1.3176e-03
 9.2800e+02   9.2800e+02     9.9562e-01     1.1098e-03
 9.2900e+02   9.2900e+02     9.9663e-01     9.2069e-04
 9.3000e+02   9.3000e+02     9.9747e-01     7.5077e-04
 9.3100e+02   9.3100e+02     9.9814e-01     6.0023e-04
 9.3200e+02   9.3200e+02     9.9867e-01     4.6903e-04
 9.3300e+02   9.3300e+02     9.9908e-01     3.5681e-04
 9.3400e+02   9.3400e+02     9.9939e-01     2.6294e-04
 9.3500e+02   9.3500e+02     9.9962e-01     1.8647e-04
 9.3600e+02   9.3600e+02     9.9977e-01     1.2613e-04
 9.3700e+02   9.3700e+02     9.9987e-01     8.0384e-05
 9.3800e+02   9.3800e+02     9.9994e-01     4.7415e-05
 9.3900e+02   9.3900e+02     9.9997e-01     2.5189e-05
 9.4000e+02   9.4000e+02     9.9999e-01     1.1524e-05
 9.4100e+02   9.4100e+02     1.0000e+00     4.1849e-06
 9.4200e+02   9.4200e+02     1.0000e+00     1.0126e-06
 9.4300e+02   9.4300e+02     1.0000e+00     9.9055e-08
 9.4400e+02   9.4400e+02     1.0000e+00     1.1330e-10
 9.4500e+02   9.4500e+02     1.0000e+00     0.0000e+00
 9.4600e+02   9.4600e+02     1.0000e+00     0.0000e+00
 9.4700e+02   9.4700e+02     1.0000e+00     0.0000e+00
 9.4800e+02   9.4800e+02     1.0000e+00     0.0000e+00
 9.4900e+02   9.4900e+02     1.0000e+00     0.0000e+00
 9.5000e+02   9.5000e+02     1.0000e+00     0.0000e+00
 9.5100e+02   9.5100e+02     1.0000e+00     0.0000e+00
 9.5200e+02   9.5200e+02     1.0000e+00     0.0000e+00
 9.5300e+02   9.5300e+02     1.0000e+00     0.0000e+00
 9.5400e+02   9.5400e+02     1.0000e+00     0.0000e+00
 9.5500e+02   9.5500e+02     1.0000e+00     0.0000e+00
 9.5600e+02   9.5600e+02     1.0000e+00     0.0000e+00
 9.5700e+02   9.5700e+02     1.0000e+00     0.0000e+00
 9.5800e+02   9.5800e+02     1.0000e+00     0.0000e+00
 9.5900e+02   9.5900e+02     1.0000e+00     0.0000e+00
 9.6000e+02   9.6000e+02     1.0000e+00     0.0000e+00
 9.6100e+02   9.6100e+02     1.0000e+00     0.0000e+00
 9.6200e+02   9.6200e+02     1.0000e+00     0.0000e+00
 9.6300e+02   9.6300e+02     1.0000e+00     0.0000e+00
 9.6400e+02   9.6400e+02     1.0000e+00     0.0000e+00
 9.6500e+02   9.6500e+02     1.0000e+00     0.0000e+00
 9.6600e+02   9.6600e+02     1.0000e+00     0.0000e+00
 9.6700e+02   9.6700e+02     1.0000e+00     0.0000e+00
 9.6800e+02   9.6800e+02     1.0000e+00     0.0000e+00
 9.6900e+02   9.6900e+02     1.0000e+00     0.0000e+00
 9.7000e+02   9.7000e+02     1.0000e+00     0.0000e+00
 9.7100e+02   9.7100e+02     1.0000e+00     0.0000e+00
 9.7200e+02   9.7200e+02     1.0000e+00     0.0000e+00
 9.7300e+02   9.7300e+02     1.0000e+00     0.0000e+00
 9.7400e+02   9.7400e+02     1.0000e+00     0.0000e+00
 9.7500e+02   9.7500e+02     1.0000e+00     0.0000e+00
 9.7600e+02   9.7600e+02     1.0000e+00     0.0000e+00
 9.7700e+02   9.7700e+02     1.0000e+00     0.0000e+00
 9.7800e+02   9.7800e+02     1.0000e+00     0.0000e+00
 9.7900e+02   9.7900e+02     1.0000e+00     0.0000e+00
 9.8000e+02   9.8000e+02     1.0000e+00     0.0000e+00
 9.8100e+02   9.8100e+02     1.0000e+00     0.0000e+00
 9.8200e+02   9.8200e+02     1.0000e+00     0.0000e+00
 9.8300e+02   9.8300e+02     1.0000e+00     0.0000e+00
 9.8400e+02   9.8400e+02     1.0000e+00     0.0000e+00
 9.8500e+02   9.8500e+02     1.0000e+00     0.0000e+00
 9.8600e+02   9.8600e+02     1.0000e+00     0.0000e+00
 9.8700e+02   9.8700e+02     1.0000e+00     0.0000e+00
 9.8800e+02   9.8800e+02     1.0000e+00     0.0000e+00
 9.8900e+02   9.8900e+02     1.0000e+00     0.0000e+00
 9.9000e+02   9.9000e+02     1.0000e+00     0.0000e+00
 9.9100e+02   9.9100e+02     1.0000e+00     0.0000e+00
 9.9200e+02   9.9200e+02     1.0000e+00     0.0000e+00
 9.9300e+02   9.9300e+02     1.0000e+00     0.0000e+00
 9.9400e+02   9.9400e+02     1.0000e+00     0.0000e+00
 9.9500e+02   9.9500e+02     1.0000e+00     0.0000e+00
 9.9600e+02   9.9600e+02     1.0000e+00     0.0000e+00
 9.9700e+02   9.9700e+02     1.0000e+00     0.0000e+00
 9.9800e+02   9.9800e+02     1.0000e+00     0.0000e+00
 9.9900e+02   9.9900e+02     1.0000e+00     0.0000e+00
 1.0000e+03   1.0000e+03     1.0000e+00     0.0000e+00
 1.0010e+03   1.0010e+03     1.0000e+00     0.0000e+00
 1.0020e+03   1.0020e+03     1.0000e+00     0.0000e+00
 1.0030e+03   1.0030e+03     1.0000e+00     0.0000e+00
 1.0040e+03   1.0040e+03     1.0000e+00     0.0000e+00
 1.0050e+03   1.0050e+03     1.0000e+00     0.0000e+00
 1.0060e+03   1.0060e+03     1.0000e+00     0.0000e+00
 1.0070e+03   1.0070e+03     1.0000e+00     0.0000e+00
 1.0080e+03   1.0080e+03     1.0000e+00     0.0000e+00
 1.0090e+03   1.0090e+03     1.0000e+00     0.0000e+00
 1.0100e+03   1.0100e+03     1.0000e+00     0.0000e+00
 1.0110e+03   1.0110e+03     1.0000e+00     0.0000e+00
 1.0120e+03   1.0120e+03     1.0000e+00     0.0000e+00
 1.0130e+03   1.0130e+03     1.0000e+00     0.0000e+00
 1.0140e+03   1.0140e+03     1.0000e+00     0.0000e+00
 1.0150e+03   1.0150e+03     1.0000e+00     0.0000e+00
 1.0160e+03   1.0160e+03     1.0000e+00     0.0000e+00
 1.0170e+03   1.0170e+03     1.0000e+00     0.0000e+00
 1.0180e+03   1.0180e+03     1.0000e+00     0.0000e+00
 1.0190e+03   1.0190e+03     1.0000e+00     0.0000e+00
 1.0200e+03   1.0200e+03     1.0000e+00     0.0000e+00
 1.0210e+03   1.0210e+03     1.0000e+00     0.0000e+00
 1.0220e+03   1.0220e+03     1.0000e+00     0.0000e+00
 1.0230e+03   1.0230e+03     1.0000e+00     0.0000e+00
 1.0240e+03   1.0240e+03     1.0000e+00     0.0000e+00
 1.0250e+03   1.0250e+03     1.0000e+00     0.0000e+00
 1.0260e+03   1.0260e+03     1.0000e+00     0.0000e+00
 1.0270e+03   1.0270e+03     1.0000e+00     0.0000e+00
 1.0280e+03   1.0280e+03     1.0000e+00     0.0000e+00
 1.0290e+03   1.0290e+03     1.0000e+00     0.0000e+00
 1.0300e+03   1.0300e+03     1.0000e+00     0.0000e+00
 1.0310e+03   1.0310e+03     1.0000e+00     0.0000e+00
 1.0320e+03   1.0320e+03     1.0000e+00     0.0000e+00
 1.0330e+03   1.0330e+03     1.0000e+00     0.0000e+00
 1.0340e+03   1.0340e+03     1.0000e+00     0.0000e+00
 1.0350e+03   1.0350e+03     1.0000e+00     0.0000e+00
 1.0360e+03   1.0360e+03     1.0000e+00     0.0000e+00
 1.0370e+03   1.0370e+03     1.0000e+00     0.0000e+00
 1.0380e+03   1.0380e+03     1.0000e+00     0.0000e+00
 1.0390e+03   1.0390e+03     1.0000e+00     0.0000e+00
 1.0400e+03   1.0400e+03     1.0000e+00     0.0000e+00
 1.0410e+03   1.0410e+03     1.0000e+00     0.0000e+00
 1.0420e+03   1.0420e+03     1.0000e+00     0.0000e+00
 1.0430e+03   1.0430e+03     1.0000e+00     0.0000e+00
 1.0440e+03   1.0440e+03     1.0000e+00     0.0000e+00
 1.0450e+03   1.0450e+03     1.0000e+00     0.0000e+00
 1.0460e+03   1.0460e+03     1.0000e+00     0.0000e+00
 1.0470e+03   1.0470e+03     1.0000e+00     0.0000e+00
 1.0480e+03   1.0480e+03     1.0000e+00     0.0000e+00
 1.0490e+03   1.0490e+03     1.0000e+00     0.0000e+00
 1.0500e+03   1.0500e+03     1.0000e+00     0.0000e+00
 1.0510e+03   1.0510e+03     1.0000e+00     0.0000e+00
 1.0520e+03   1.0520e+03     1.0000e+00     0.0000e+00
 1.0530e+03   1.0530e+03     1.0000e+00     0.0000e+00
 1.0540e+03   1.0540e+03     1.0000e+00     0.0000e+00
 1.0550e+03   1.0550e+03     1.0000e+00     0.0000e+00
 1.0560e+03   1.0560e+03     1.0000e+00     0.0000e+00
 1.0570e+03   1.0570e+03     1.0000e+00     0.0000e+00
 1.0580e+03   1.0580e+03     1.0000e+00     0.0000e+00
 1.0590e+03   1.0590e+03     1.0000e+00     0.0000e+00
 1.0600e+03   1.0600e+03     1.0000e+00     0.0000e+00
 1.0610e+03   1.0610e+03     1.0000e+00     0.0000e+00
 1.0620e+03   1.0620e+03     1.0000e+00     0.0000e+00
 1.0630e+03   1.0630e+03     1.0000e+00     0.0000e+00
 1.0640e+03   1.0640e+03     1.0000e+00     0.0000e+00
 1.0650e+03   1.0650e+03     1.0000e+00     0.0000e+00
 1.0660e+03   1.0660e+03     1.0000e+00     0.0000e+00
 1.0670e+03   1.0670e+03     1.0000e+00     0.0000e+00
 1.0680e+03   1.0680e+03     1.0000e+00     0.0000e+00
 1.0690e+03   1.0690e+03     1.0000e+00     0.0000e+00
 1.0700e+03   1.0700e+03     1.0000e+00     0.0000e+00
 1.0710e+03   1.0710e+03     1.0000e+00     0.0000e+00
 1.0720e+03   1.0720e+03     1.0000e+00     0.0000e+00
 1.0730e+03   1.0730e+03     1.0000e+00     0.0000e+00
 1.0740e+03   1.0740e+03     1.0000e+00     0.0000e+00
 1.0750e+03   1.0750e+03     1.0000e+00     0.0000e+00
 1.0760e+03   1.0760e+03     1.0000e+00     0.0000e+00
 1.0770e+03   1.0770e+03     1.0000e+00     0.0000e+00
 1.0780e+03   1.0780e+03     1.0000e+00     0.0000e+00
 1.0790e+03   1.0790e+03     1.0000e+00     0.0000e+00
 1.0800e+03   1.0800e+03     1.0000e+00     0.0000e+00
 1.0810e+03   1.0810e+03     1.0000e+00     0.0000e+00
 1.0820e+03   1.0820e+03     1.0000e+00     0.0000e+00
 1.0830e+03   1.0830e+03     1.0000e+00     0.0000e+00
 1.0840e+03   1.0840e+03     1.0000e+00     0.0000e+00
 1.0850e+03   1.0850e+03     1.0000e+00     0.0000e+00
 1.0860e+03   1.0860e+03     1.0000e+00     0.0000e+00
 1.0870e+03   1.0870e+03     1.0000e+00     0.0000e+00
 1.0880e+03   1.0880e+03     1.0000e+00     0.0000e+00
 1.0890e+03   1.0890e+03     1.0000e+00     0.0000e+00
 1.0900e+03   1.0900e+03     1.0000e+00     0.0000e+00
 1.0910e+03   1.0910e+03     1.0000e+00     0.0000e+00
 1.0920e+03   1.0920e+03     1.0000e+00     0.0000e+00
 1.0930e+03   1.0930e+03     1.0000e+00     0.0000e+00
 1.0940e+03   1.0940e+03     1.0000e+00     0.0000e+00
 1.0950e+03   1.0950e+03     1.0000e+00     0.0000e+00
 1.0960e+03   1.0960e+03     1.0000e+00     0.0000e+00
 1.0970e+03   1.0970e+03     1.0000e+00     0.0000e+00
 1.0980e+03   1.0980e+03     1.0000e+00     0.0000e+00
 1.0990e+03   1.0990e+03     1.0000e+00     0.0000e+00
 1.1000e+03   1.1000e+03     1.0000e+00     0.0000e+00
 1.1010e+03   1.1010e+03     1.0000e+00     0.0000e+00
 1.1020e+03   1.1020e+03     1.0000e+00     0.0000e+00
 1.1030e+03   1.1030e+03     1.0000e+00     0.0000e+00
 1.1040e+03   1.1040e+03     1.0000e+00     0.0000e+00
 1.1050e+03   1.1050e+03     1.0000e+00     0.0000e+00
 1.1060e+03   1.1060e+03     1.0000e+00     0.0000e+00
 1.1070e+03   1.1070e+03     1.0000e+00     0.0000e+00
 1.1080e+03   1.1080e+03     1.0000e+00     0.0000e+00
 1.1090e+03   1.1090e+03     1.0000e+00     0.0000e+00
 1.1100e+03   1.1100e+03     1.0000e+00     0.0000e+00
 1.1110e+03   1.1110e+03     1.0000e+00     0.0000e+00
 1.1120e+03   1.1120e+03     1.0000e+00     0.0000e+00
 1.1130e+03   1.1130e+03     1.0000e+00     0.0000e+00
 1.1140e+03   1.1140e+03     1.0000e+00     0.0000e+00
 1.1150e+03   1.1150e+03     1.0000e+00     0.0000e+00
 1.1160e+03   1.1160e+03     1.0000e+00     0.0000e+00
 1.1170e+03   1.1170e+03     1.0000e+00     0.0000e+00
 1.1180e+03   1.1180e+03     1.0000e+00     0.0000e+00
 1.1190e+03   1.1190e+03     1.0000e+00     0.0000e+00
 1.1200e+03   1.1200e+03     1.0000e+00     0.0000e+00
 1.1210e+03   1.1210e+03     1.0000e+00     0.0000e+00
 1.1220e+03   1.1220e+03     1.0000e+00     0.0000e+00
 1.1230e+03   1.1230e+03     1.0000e+00     0.0000e+00
 1.1240e+03   1.1240e+03     1.0000e+00     0.0000e+00
 1.1250e+03   1.1250e+03     1.0000e+00     0.0000e+00
 1.1260e+03   1.1260e+03     1.0000e+00     0.0000e+00
 1.1270e+03   1.1270e+03     1.0000e+00     0.0000e+00
 1.1280e+03   1.1280e+03     1.0000e+00     0.0000e+00
 1.1290e+03   1.1290e+03     1.0000e+00     0.0000e+00
 1.1300e+03   1.1300e+03     1.0000e+00     0.0000e+00
 1.1310e+03   1.1310e+03     1.0000e+00     0.0000e+00
 1.1320e+03   1.1320e+03     1.0000e+00     0.0000e+00
 1.1330e+03   1.1330e+03     1.0000e+00     0.0000e+00
 1.1340e+03   1.1340e+03     1.0000e+00     0.0000e+00
 1.1350e+03   1.1350e+03     1.0000e+00     0.0000e+00
 1.1360e+03   1.1360e+03     1.0000e+00     0.0000e+00
 1.1370e+03   1.1370e+03     1.0000e+00     0.0000e+00
 1.1380e+03   1.1380e+03     1.0000e+00     0.0000e+00
 1.1390e+03   1.1390e+03     1.0000e+00     0.0000e+00
 1.1400e+03   1.1400e+03     1.0000e+00     0.0000e+00
 1.1410e+03   1.1410e+03     1.0000e+00     0.0000e+00
 1.1420e+03   1.1420e+03     1.0000e+00     0.0000e+00
 1.1430e+03   1.1430e+03     1.0000e+00     0.0000e+00
 1.1440e+03   1.1440e+03     1.0000e+00     0.0000e+00
 1.1450e+03   1.1450e+03     1.0000e+00     0.0000e+00
 1.1460e+03   1.1460e+03     1.0000e+00     0.0000e+00
 1.1470e+03   1.1470e+03     1.0000e+00     0.0000e+00
 1.1480e+03   1.1480e+03     1.0000e+00     0.0000e+00
 1.1490e+03   1.1490e+03     1.0000e+00     0.0000e+00
 1.1500e+03   1.1500e+03     1.0000e+00     0.0000e+00
 1.1510e+03   1.1510e+03     1.0000e+00     0.0000e+00
 1.1520e+03   1.1520e+03     1.0000e+00     0.0000e+00
 1.1530e+03   1.1530e+03     1.0000e+00     0.0000e+00
 1.1540e+03   1.1540e+03     1.0000e+00     0.0000e+00
 1.1550e+03   1.1550e+03     1.0000e+00     0.0000e+00
 1.1560e+03   1.1560e+03     1.0000e+00     0.0000e+00
 1.1570e+03   1.1570e+03     1.0000e+00     0.0000e+00
 1.1580e+03   1.1580e+03     1.0000e+00     0.0000e+00
 1.1590e+03   1.1590e+03     1.0000e+00     0.0000e+00
 1.1600e+03   1.1600e+03     1.0000e+00     0.0000e+00
 1.1610e+03   1.1610e+03     1.0000e+00     0.0000e+00
 1.1620e+03   1.1620e+03     1.0000e+00     0.0000e+00
 1.1630e+03   1.1630e+03     1.0000e+00     0.0000e+00
 1.1640e+03   1.1640e+03     1.0000e+00     0.0000e+00
 1.1650e+03   1.1650e+03     1.0000e+00     0.0000e+00
 1.1660e+03   1.1660e+03     1.0000e+00     0.0000e+00
 1.1670e+03   1.1670e+03     1.0000e+00     0.0000e+00
 1.1680e+03   1.1680e+03     1.0000e+00     0.0000e+00
 1.1690e+03   1.1690e+03     1.0000e+00     0.0000e+00
 1.1700e+03   1.1700e+03     1.0000e+00     0.0000e+00
 1.1710e+03   1.1710e+03     1.0000e+00     0.0000e+00
 1.1720e+03   1.1720e+03     1.0000e+00     0.0000e+00
 1.1730e+03   1.1730e+03     1.0000e+00     0.0000e+00
 1.1740e+03   1.1740e+03     1.0000e+00     0.0000e+00
 1.1750e+03   1.1750e+03     1.0000e+00     0.0000e+00
 1.1760e+03   1.1760e+03     1.0000e+00     0.0000e+00
 1.1770e+03   1.1770e+03     1.0000e+00     0.0000e+00
 1.1780e+03   1.1780e+03     1.0000e+00     0.0000e+00
 1.1790e+03   1.1790e+03     1.0000e+00     0.0000e+00
 1.1800e+03   1.1800e+03     1.0000e+00     0.0000e+00
 1.1810e+03   1.1810e+03     1.0000e+00     0.0000e+00
 1.1820e+03   1.1820e+03     1.0000e+00     0.0000e+00
 1.1830e+03   1.1830e+03     1.0000e+00     0.0000e+00
 1.1840e+03   1.1840e+03     1.0000e+00     0.0000e+00
 1.1850e+03   1.1850e+03     1.0000e+00     0.0000e+00
 1.1860e+03   1.1860e+03     1.0000e+00     0.0000e+00
 1.1870e+03   1.1870e+03     1.0000e+00     0.0000e+00
 1.1880e+03   1.1880e+03     1.0000e+00     0.0000e+00
 1.1890e+03   1.1890e+03     1.0000e+00     0.0000e+00
 1.1900e+03   1.1900e+03     1.0000e+00     0.0000e+00
 1.1910e+03   1.1910e+03     1.0000e+00     0.0000e+00
 1.1920e+03   1.1920e+03     1.0000e+00     0.0000e+00
 1.1930e+03   1.1930e+03     1.0000e+00     0.0000e+00
 1.1940e+03   1.1940e+03     1.0000e+00     0.0000e+00
 1.1950e+03   1.1950e+03     1.0000e+00     0.0000e+00
 1.1960e+03   1.1960e+03     1.0000e+00     0.0000e+00
 1.1970e+03   1.1970e+03     1.0000e+00     0.0000e+00
 1.1980e+03   1.1980e+03     1.0000e+00     0.0000e+00
 1.1990e+03   1.1990e+03     1.0000e+00     0.0000e+00
